a   =[
     0.53766714
      2.1027186
     -1.2074876
     0.25842954
     0.44798001
     -1.0836983
    -0.97544117
    -0.14509612
      3.5058489
      4.5223615
      0.9112938
      3.4905704
      2.4706894
      1.1722898
      1.3008878
     0.44547785
    0.098594577
      1.5389949
      2.1785319
      2.5064584
      1.9247263
    -0.24512376
     0.59467677
      1.9275737
      1.4526806
      1.7610333
      1.6074018
     0.50025997
     0.54400145
    -0.51528208
     0.63075459
    -0.83169281
     -1.4847169
     -1.5518571
     -3.7202127
    -0.42172607
      0.1143275
    -0.69776457
      1.0214163
     -1.2008083
    -0.70264659
    -0.59277034
    0.022821571
     0.32426938
    -0.70274523
    -0.38142391
    -0.35559097
      0.4499118
      1.3182216
      1.7683841
    0.020539219
    0.087628701
     -1.1703027
     -1.6986521
    -0.85617537
      1.1045426
     -0.2173946
     0.26268151
   -0.094243647
      1.0702343
    -0.55394714
     -0.2444161
     0.43031897
      1.3157697
      2.2020967
      1.1869795
    -0.89810056
     -1.1913521
     -1.6572578
      1.5218283
     0.14531228
     0.82073293
     0.21794795
      0.9975844
    -0.26605704
     -1.5352975
     -2.1900247
    -0.60681842
    -0.48078437
    -0.43644567
      1.2010873
     0.89212803
     0.64387507
      1.9096366
     0.15035236
     0.77180059
      1.2209885
     0.36677909
     0.39905963
    -0.96631412
     -1.6311098
     -0.7106802
     0.36691393
      2.7689482
     0.71758344
     0.54612274
     0.19056695
     -1.8377394
     -1.3578359
     -2.4735968
    -0.39642286
     -1.0862435
    -0.44302892
    -0.76604339
   -0.079500901
    -0.64007701
     0.16992681
     0.82432653
       2.124051
     0.86790199
     -1.7044043
     -1.6917909
     0.50869889
    -0.81780585
     0.55205095
     0.40007527
      1.6367343
     -1.1425329
    -0.76896466
     -1.5923278
      2.1118441
       1.881141
      2.3195425
     0.10159097
     -0.4178201
    -0.48137946
     0.85773489
     0.15099551
     0.77703921
     -1.6632967
     -1.1854983
     -1.4163357
     -2.2852249
    -0.63463778
   -0.035334829
    0.015812468
     -1.3257717
     0.46460642
     0.58248262
  -0.0078247191
    0.018977433
    -0.25250672
     -1.8764657
     -1.2238838
     -1.4433084
     -1.7008605
     -2.0068319
     -1.5369731
     -2.7711223
    -0.42133171
     0.30939425
     0.13466927
     0.03256355
    -0.78188181
     0.62774438
     0.18065471
    -0.62420281
      1.0392844
     0.29487113
    -0.44159347
    -0.51455033
     -1.1052014
      -1.672729
      1.6896352
      2.5003152
      1.5576928
    -0.47827198
      -1.104604
    -0.72883613
       0.426998
     -1.1185054
     -2.8891199
     -2.8936572
     -1.1133178
    -0.16530529
     0.36902678
    0.054228735
     0.21080346
    -0.37075128
     0.67664597
     -1.0233715
   -0.056656187
    -0.87703747
    -0.77340568
     0.16608051
      1.1221309
    -0.55657323
     0.98237209
      1.1513292
     0.50779904
    0.058678322
    -0.18826719
    -0.39724122
    -0.17557498
   -0.036497136
     0.80781422
      1.9308838
      1.4323563
     0.50646483
     0.87842277
     0.62243865
    -0.71854822
     0.58994772
     0.60203578
     0.43619283
     0.73334275
      0.6280777
    -0.62744692
    -0.47606113
     -0.3840852
    -0.72405398
      1.3200766
    -0.21569104
    -0.59166057
     -1.0078348
     -1.6781297
     -1.0313044
    -0.78972243
      1.1352113
     0.31858091
    -0.90492296
      1.1509958
      1.8101771
     0.67546208
     -1.1684287
     -1.0288421
    -0.67036211
   -0.059112801
    -0.29072005
     0.29806189
     0.54092515
    -0.98021633
     -1.4380691
     -1.4601406
     -1.2378879
    -0.93951944
    -0.45729068
     -3.2578227
      -2.085926
     0.19948542
    -0.96695869
     0.45024882
     0.57544541
     0.25871694
     0.31181064
     -1.4091507
    -0.78911483
      1.2093889
     0.70304224
     0.39289474
    -0.53772175
     -0.2996746
    0.082509711
     0.46764241
    -0.13898754
    -0.30594835
      1.8707167
     -1.3229956
      1.5679479
      1.1215376
      1.5608296
    -0.88374966
     -1.0319094
    -0.79401886
    0.025706261
     -1.6573476
    -0.35703946
     -1.3913669
    -0.62949342
     0.33760918
     0.49586456
      1.3305658
        1.67136
     0.18477226
     0.34944229
    -0.76965666
     -1.7066169
    0.071517507
    0.035808603
   -0.037014613
     0.89261996
      1.0408937
     0.87064801
      1.6855752
      1.7725771
      1.1260518
    -0.12733521
    -0.71522124
     0.83449125
     -1.1945848
    -0.62175432
     -2.2597243
    -0.10936415
     0.80703423
      0.4046792
     0.13150238
     -2.4205327
    -0.62909404
     -2.5069819
     -3.5727713
     -1.7064519
     -1.8017069
    -0.48936285
     0.43229638
      1.0738807
    -0.15421876
     0.37226824
     0.28676747
     0.96945373
      1.0208839
      1.4083304
     0.57222733
     0.13891221
      1.0772295
     -1.5850407
     -1.2971068
     -1.9191478
     -1.3421587
   -0.022400097
      0.8145271
    -0.60768009
    -0.77490996
    -0.25043011
    -0.41707843
    0.093279341
     0.44657061
    -0.70667625
    -0.53016839
     -2.3971788
   -0.053227687
     -0.6557046
     -1.5317023
     -1.0197958
     -1.9385448
    -0.99013001
       -1.05573
      1.6499137
      1.9634222
     -1.5151754
    -0.31626076
     -1.5562683
     -1.0331893
    -0.35219058
     0.57163874
     0.01277242
      1.5826864
     0.31040603
     0.48271513
     0.90609169
     0.53823444
        1.15007
     0.89824814
    -0.33502211
     -1.9728844
     0.87215074
    -0.16845472
    0.019132364
     0.57273314
     0.39996357
    -0.70474443
     -0.8200868
    -0.53493335
      1.2114918
    -0.25506978
     0.65713358
     0.63718993
    0.084734922
     -1.0146053
     -0.7914436
    -0.48241208
     -1.7106011
    -0.66311831
     -1.1538524
     -0.6711668
  0.00062993882
    -0.90433909
    -0.74042591
   -0.020150196
     -1.8459342
     0.11300879
      2.4809655
      2.1998833
     0.78416964
      0.8207075
    -0.62563103
      1.5650499
      1.7232294
      1.6489605
   -0.051394028
     0.29425212
    -0.41116822
    -0.51701353
    -0.82851668
      -1.439992
     -1.6287416
     -1.0242681
     -2.2109981
     -0.4978985
    -0.36674754
     0.51578657
     0.52754192
     0.75805802
      -1.104092
     -1.5723104
     -1.2331502
    -0.50691651
      0.8752782
     0.14767606
      1.3353887
      1.1431192
      1.7456763
     0.99978524
    -0.15692331
     -1.5598607
    -0.62444137
     0.50633068
   -0.039422788
    -0.56049781
    -0.58889072
     -1.3910387
     -1.1885291
    -0.77500393
    -0.34166086
    -0.23461355
     0.49402842
      0.3563319
      1.9921814
      1.3081145
       2.458551
     0.50615404
     0.77962406
     0.12956117
     0.66492309
     0.92639234
     -1.7228254
     -2.1884559
     -2.5352415
    -0.86577627
      1.0373131
     0.19184234
     0.90824418
     0.99966219
    -0.55180121
     0.12156639
    -0.69111154
      1.1707111
     0.55278905
      1.9123942
      0.5311386
     0.85500267
     0.36471011
     -1.8396039
     -1.9019335
    -0.33845543
    -0.22411385
     -1.2307889
      -1.241773
    -0.37136876
     -1.1787034
     0.38559853
    -0.44791024
      1.5849075
     -0.2874125
    0.055483194
      -1.493285
     -1.4702736
     -1.3283871
    -0.26285722
     0.81070471
     0.70583832
   -0.020151497
     0.80541276
      1.2015934
     0.72100197
     0.93174861
     0.87867032
    -0.54762672
     0.48575496
    -0.41432382
    -0.81108039
    -0.22859337
    -0.42180016
    -0.34272043
     0.42399746
      1.2588315
     0.43145712
     0.54340673
    0.033401858
     0.24629782
     0.56314682
    -0.33529252
     0.10719053
      0.6546973
      0.4196566
      1.9396697
      0.3612774
    -0.55642107
     -2.0280898
    -0.10356234
