[Warning: Some of the parameters have no value (k_over_y, n_over_y, i_over_y, c_over_y) when using steady. If these parameters are not initialized in a steadystate file,
Dynare may not be able to solve the model...] 
[> In <a href="matlab: opentoline('C:\Users\JMaih\Dropbox\Dynare\2013-01-06\matlab\test_for_deep_parameters_calibration.m',46,1)">test_for_deep_parameters_calibration at 46</a>
  In <a href="matlab: opentoline('C:\Users\JMaih\Dropbox\Dynare\2013-01-06\matlab\steady.m',33,1)">steady at 33</a>
  In <a href="matlab: opentoline('C:\Users\JMaih\Dropbox\RISE\RISE_Toolbox\examples\MarkovSwitching\GavinKeenRichterThrockmorton\constant.m',195,1)">constant at 195</a>
  In <a href="matlab: opentoline('C:\Users\JMaih\Dropbox\Dynare\2013-01-06\matlab\dynare.m',114,1)">dynare at 114</a>] 
 
STEADY-STATE RESULTS:
 
W       		 10.2183
N       		 2.95826
C       		 1.57935
R       		 1.01515
BETA    		 0.99
PAI     		 1.005
Z       		 1
Y       		 15.2294
PSI     		 0.833333
RK      		 0.035101
I       		 10.6041
K       		 424.165
RTAYLOR 		 1.01515
 
EIGENVALUES:
         Modulus             Real        Imaginary

             0.8              0.8                0
             0.8              0.8                0
          0.9563           0.9563                0
           1.009            1.009                0
           1.416            1.416                0
           2.663            2.663                0
        2.06e+18        -2.06e+18                0
             Inf             -Inf                0


There are 5 eigenvalue(s) larger than 1 in modulus 
for 5 forward-looking variable(s)
 
The rank condition is verified.
 
[Warning: Some of the parameters have no value (k_over_y, n_over_y, i_over_y, c_over_y) when using stoch_simul. If these parameters are not initialized in a steadystate
file, Dynare may not be able to solve the model...] 
[> In <a href="matlab: opentoline('C:\Users\JMaih\Dropbox\Dynare\2013-01-06\matlab\test_for_deep_parameters_calibration.m',46,1)">test_for_deep_parameters_calibration at 46</a>
  In <a href="matlab: opentoline('C:\Users\JMaih\Dropbox\Dynare\2013-01-06\matlab\stoch_simul.m',22,1)">stoch_simul at 22</a>
  In <a href="matlab: opentoline('C:\Users\JMaih\Dropbox\RISE\RISE_Toolbox\examples\MarkovSwitching\GavinKeenRichterThrockmorton\constant.m',211,1)">constant at 211</a>
  In <a href="matlab: opentoline('C:\Users\JMaih\Dropbox\Dynare\2013-01-06\matlab\dynare.m',114,1)">dynare at 114</a>] 
 
MODEL SUMMARY
 
  Number of variables:         13
  Number of stochastic shocks: 2
  Number of state variables:   3
  Number of jumpers:           5
  Number of static variables:  6


MATRIX OF COVARIANCE OF EXOGENOUS SHOCKS

Variables      EZ       EBETA  
EZ           1.000000  0.000000
EBETA        0.000000  1.000000
 
POLICY AND TRANSITION FUNCTIONS
                                 BETA            C               I               K               N               PAI             PSI             R               RK              RTAYLOR         W               Y      
Constant                    0.990000        1.573283       10.670095      424.231149        2.975631        1.004267        0.833377        1.014541        0.035241        1.014541       10.199036       15.289249
(correction)                       0       -0.006067        0.065966        0.065966        0.017366       -0.000733        0.000044       -0.000611        0.000140       -0.000611       -0.019259        0.059898
Z(-1)                              0        0.190193       16.148755       16.148755        1.204761       -0.168267       -0.341193       -0.118811        0.023287       -0.118811        2.617678       16.338948
K(-1)                              0        0.003977       -0.018710        0.956290       -0.007707        0.000020        0.000010       -0.000092       -0.000116       -0.000092        0.016861       -0.014733
BETA(-1)                    0.800000        0.196396      -29.065665      -29.065665       -8.369830       -0.729573       -1.460349       -1.345958       -0.128050       -1.345958       -8.366216      -28.869268
EZ                                 0        0.002853        0.242231        0.242231        0.018071       -0.002524       -0.005118       -0.001782        0.000349       -0.001782        0.039265        0.245084
EBETA                       0.002475        0.000608       -0.089922       -0.089922       -0.025894       -0.002257       -0.004518       -0.004164       -0.000396       -0.004164       -0.025883       -0.089314
Z(-1),Z(-1)                        0       -0.155165      -14.009934      -14.009934       -1.031490        0.115519        0.076683        0.073185       -0.016178        0.073185       -2.212810       -1.731030
K(-1),Z(-1)                        0        0.000017       -0.009308       -0.009308       -0.002108       -0.000088       -0.000055       -0.000088       -0.000071       -0.000088        0.002517       -0.012254
K(-1),K(-1)                        0               0        0.000025        0.000025        0.000019               0               0               0               0               0       -0.000004        0.000026
BETA(-1),Z(-1)                     0       -1.280893     -120.704833     -120.704833        1.465040       -0.036482        0.820268        0.057239       -0.036841        0.057239       -4.972066      -14.162353
BETA(-1),K(-1)                     0        0.000187        0.065032        0.065032        0.028892        0.000191        0.001144        0.000638        0.000529        0.000638       -0.007633        0.052374
BETA(-1),BETA(-1)          -0.080808       -2.981727      -58.379100      -58.379100       53.886855       -0.066317        7.556591        1.598960        0.832225        1.598960       32.465943      172.389674
EZ   ,EZ                           0       -0.000014       -0.001336       -0.001336       -0.000097        0.000007       -0.000021        0.000003       -0.000001        0.000003       -0.000203        0.001449
EBETA,EZ                           0       -0.000059       -0.005601       -0.005601        0.000068       -0.000002        0.000038        0.000003       -0.000002        0.000003       -0.000231       -0.000657
EBETA,EBETA                 0.000003       -0.000028       -0.000699       -0.000699        0.000475       -0.000004        0.000065        0.000009        0.000007        0.000009        0.000270        0.001510
Z(-1),EZ                           0       -0.001802       -0.178067       -0.178067       -0.012873        0.000942       -0.002817        0.000413       -0.000136        0.000413       -0.027119        0.193153
Z(-1),EBETA                        0       -0.003963       -0.373431       -0.373431        0.004532       -0.000113        0.002538        0.000177       -0.000114        0.000177       -0.015382       -0.043815
K(-1),EZ                           0               0       -0.000140       -0.000140       -0.000032       -0.000001               0       -0.000001       -0.000001       -0.000001        0.000038       -0.000184
K(-1),EBETA                        0               0        0.000201        0.000201        0.000089               0        0.000004        0.000002        0.000002        0.000002       -0.000024        0.000162
BETA(-1),EZ                        0       -0.019213       -1.810572       -1.810572        0.021976       -0.000547        0.012304        0.000859       -0.000553        0.000859       -0.074581       -0.212435
BETA(-1),EBETA              0.002000       -0.017836       -0.452051       -0.452051        0.307269       -0.002690        0.042193        0.005687        0.004749        0.005687        0.174739        0.976445


THEORETICAL MOMENTS

VARIABLE      MEAN    STD. DEV.   VARIANCE 
BETA           0.9900     0.0041     0.0000
C              1.5787     0.0181     0.0003
I             10.6386     0.4093     0.1675
K            425.5430     4.0362    16.2911
N              2.9662     0.0525     0.0028
PAI            1.0043     0.0056     0.0000
PSI            0.8335     0.0114     0.0001
R              1.0145     0.0076     0.0001
RK             0.0351     0.0009     0.0000
RTAYLOR        1.0145     0.0076     0.0001
W             10.2225     0.1206     0.0146
Y             15.2770     0.4168     0.1738
 


VARIANCE DECOMPOSITION (in percent)

            EZ   EBETA 
BETA        0.00 100.00
C          91.46   8.54
I          87.89  12.11
K          87.89  12.11
N          40.56  59.44
PAI        55.11  44.89
PSI        56.09  43.91
R          16.95  83.05
RK         47.41  52.59
RTAYLOR    16.95  83.05
W          78.25  21.75
Y          88.29  11.71
 


MATRIX OF CORRELATIONS

Variables     BETA      C        I        K        N       PAI      PSI       R        RK    RTAYLOR     W        Y    
BETA          1.0000  -0.0560  -0.3428  -0.1580  -0.7467  -0.6700  -0.6627  -0.9112  -0.7030  -0.9112  -0.4289  -0.3391
C            -0.0560   1.0000   0.3978   0.9831  -0.2035  -0.3696  -0.3819  -0.2174  -0.1039  -0.2174   0.8712   0.4341
I            -0.3428   0.3978   1.0000   0.2942   0.6941  -0.4581  -0.4650  -0.0578   0.7853  -0.0578   0.7352   0.9992
K            -0.1580   0.9831   0.2942   1.0000  -0.2153  -0.1982  -0.2110  -0.0712  -0.1343  -0.0712   0.8488   0.3316
N            -0.7467  -0.2035   0.6941  -0.2153   1.0000   0.2170   0.2146   0.5535   0.9908   0.5535   0.3034   0.6727
PAI          -0.6700  -0.3696  -0.4581  -0.1982   0.2170   1.0000   0.9999   0.9138   0.0974   0.9138  -0.2509  -0.4659
PSI          -0.6627  -0.3819  -0.4650  -0.2110   0.2146   0.9999   1.0000   0.9103   0.0941   0.9103  -0.2641  -0.4732
R            -0.9112  -0.2174  -0.0578  -0.0712   0.5535   0.9138   0.9103   1.0000   0.4618   1.0000   0.0659  -0.0663
RK           -0.7030  -0.1039   0.7853  -0.1343   0.9908   0.0974   0.0941   0.4618   1.0000   0.4618   0.3957   0.7665
RTAYLOR      -0.9112  -0.2174  -0.0578  -0.0712   0.5535   0.9138   0.9103   1.0000   0.4618   1.0000   0.0659  -0.0663
W            -0.4289   0.8712   0.7352   0.8488   0.3034  -0.2509  -0.2641   0.0659   0.3957   0.0659   1.0000   0.7598
Y            -0.3391   0.4341   0.9992   0.3316   0.6727  -0.4659  -0.4732  -0.0663   0.7665  -0.0663   0.7598   1.0000
 


COEFFICIENTS OF AUTOCORRELATION

Order        1       2       3       4       5   
BETA       0.8000  0.6400  0.5120  0.4096  0.3277
C          0.9854  0.9656  0.9420  0.9158  0.8877
I          0.7749  0.5959  0.4538  0.3411  0.2519
K          0.9950  0.9826  0.9644  0.9421  0.9168
N          0.7887  0.6201  0.4858  0.3787  0.2935
PAI        0.7989  0.6381  0.5095  0.4067  0.3245
PSI        0.7997  0.6395  0.5113  0.4088  0.3268
R          0.8009  0.6415  0.5140  0.4120  0.3303
RK         0.7774  0.6002  0.4595  0.3478  0.2593
RTAYLOR    0.8009  0.6415  0.5140  0.4120  0.3303
W          0.9205  0.8516  0.7914  0.7385  0.6915
Y          0.7796  0.6043  0.4648  0.3540  0.2662
Total computing time : 0h00m04s
