function db=peersman_data()

% source: http://www.cambridge.org/features/econmodelling/download/MATLAB.zip

rawdata=[
%cpi_emu%              %cpi_us%               %intrate_emu%           %intrate_us%       %oil_price%                  %output_emu%           %output_us%       %Time%               
0.207076292000000    0.267334649000000     9.143985005999999     8.520000000000000    0.162428797000000    0.487918380000000    0.419149354000000		      %1970Q1%    
0.209769981000000    0.270279517000000     9.168653236999999     7.890000000000000    0.162428797000000    0.498571924000000    0.420019020000000		      %1970Q2%    
0.212229409000000    0.272933199000000     8.884121253000000     7.680000000000000    0.162428797000000    0.504177735000000    0.423697533000000		      %1970Q3%    
0.214468951000000    0.276586622000000     8.413420395999999     6.170000000000000    0.162428797000000    0.511022447000000    0.419149354000000		      %1970Q4%    
0.218202510000000    0.279210214000000     7.217834871000000     4.440000000000000    0.185150889000000    0.508898673000000    0.430854756000000		      %1971Q1%    
0.221276757000000    0.282370561000000     6.728124585000000     4.940000000000000    0.226483327000000    0.516228307000000    0.433216977000000		      %1971Q2%    
0.224117944000000    0.285168865000000     7.079955592000000     5.710000000000000    0.229175482000000    0.522371217000000    0.436542906000000		      %1971Q3%    
0.226984281000000    0.286971311000000     6.693976599000000     4.930000000000000    0.227844848000000    0.526773388000000    0.437635879000000		      %1971Q4%    
0.231124626000000    0.290029742000000     5.741619607000000     3.880000000000000    0.243226831000000    0.533906333000000    0.446226872000000		      %1972Q1%    
0.234015619000000    0.291820541000000     5.515290946000000     4.550000000000000    0.245223400000000    0.538687348000000    0.456439720000000		      %1972Q2%    
0.237589961000000    0.294375219000000     5.448879697000000     4.930000000000000    0.244558701000000    0.546109649000000    0.460964394000000		      %1972Q3%    
0.242027905000000    0.296807599000000     7.047031036000000     5.300000000000000    0.244558701000000    0.555329332000000    0.468979531000000		      %1972Q4%    
0.246255632000000    0.300493052000000     7.618434871000000     6.400000000000000    0.255916658000000    0.564299697000000    0.480943474000000		      %1973Q1%    
0.251574532000000    0.306330375000000     9.008766644000000     7.670000000000000    0.275958949000000    0.571988730000000    0.485761935000000		      %1973Q2%    
0.255889653000000    0.311865835000000    10.742318559999999    10.350000000000000    0.302675415000000    0.578966918000000    0.483846317000000		      %1973Q3%    
0.263043439000000    0.318220500000000    11.122510330000001     9.240000000000000    0.305331741000000    0.586191364000000    0.487853897000000		      %1973Q4%    
0.270325679000000    0.327663685000000    11.106368470000000     8.640000000000001    1.146451920000000    0.590424324000000    0.484116599000000		      %1974Q1%    
0.278354680000000    0.336764241000000    11.771586090000000    10.940000000000000    0.948522249000000    0.592776306000000    0.485421127000000		      %1974Q2%    
0.284708351000000    0.345576522000000    12.900222080000001    12.029999999999999    0.865091362000000    0.594432930000000    0.480026787000000		      %1974Q3%    
0.293241219000000    0.354216032000000    12.175288390000000     9.369999999999999    0.885840360000000    0.586903906000000    0.477382497000000		      %1974Q4%    
0.298913162000000    0.360722114000000     9.897378077999999     6.690000000000000    0.882553928000000    0.582297326000000    0.471271249000000		      %1975Q1%    
0.305103670000000    0.365036531000000     7.950793632000000     5.960000000000000    0.878559555000000    0.582637302000000    0.475408094000000		      %1975Q2%    
0.310623412000000    0.371680441000000     7.452885375000000     6.820000000000000    0.883226040000000    0.586956463000000    0.483658267000000		      %1975Q3%    
0.316720955000000    0.377772067000000     7.228745846000000     6.280000000000000    0.888563403000000    0.595405431000000    0.489746045000000		      %1975Q4%    
0.322932215000000    0.381796268000000     7.493433865000000     5.220000000000000    0.982812333000000    0.604652036000000    0.501369158000000		      %1976Q1%    
0.329715680000000    0.385096384000000     9.384298973000000     5.510000000000000    0.984808902000000    0.612949242000000    0.505529495000000		      %1976Q2%    
0.335466095000000    0.391174422000000     9.994405522999999     5.410000000000000    0.996155740000000    0.618313925000000    0.507926973000000		      %1976Q3%    
0.341677686000000    0.397643620000000    10.196452539999999     4.930000000000000    1.024893484000000    0.627955268000000    0.512099075000000		      %1976Q4%    
0.347770809000000    0.404581629000000     9.563816320000001     4.830000000000000    1.084359365000000    0.630345383000000    0.518339612000000		      %1977Q1%    
0.353991776000000    0.411807913000000     8.923893619999999     5.190000000000000    1.082344264000000    0.632337815000000    0.527659242000000		      %1977Q2%    
0.360085109000000    0.418108223000000     8.779492319999999     5.850000000000000    1.083075680000000    0.631954249000000    0.537155216000000		      %1977Q3%    
0.364630563000000    0.424057168000000     8.920562520000001     6.690000000000000    1.076436100000000    0.640559815000000    0.537801598000000		      %1977Q4%    
0.370097118000000    0.431211626000000     7.893354160000000     6.900000000000000    1.073768654000000    0.645142236000000    0.539305882000000		      %1978Q1%    
0.375824598000000    0.440458745000000     8.049196127000000     7.420000000000000    1.071789382000000    0.650115881000000    0.560084161000000		      %1978Q2%    
0.382035742000000    0.448423673000000     9.413170060000001     8.270000000000000    1.078475911000000    0.654662916000000    0.565490265000000		      %1978Q3%    
0.387489085000000    0.456723465000000     9.304868060000000    10.289999999999999    1.154632170000000    0.663221519000000    0.573047035000000		      %1978Q4%    
0.395747047000000    0.466194799000000     8.260030960000000    10.279999999999999    1.616556203000000    0.665756481000000    0.574492556000000		      %1979Q1%    
0.402834717000000    0.477614171000000     9.297108059999999    10.060000000000000    2.434635530000000    0.676896878000000    0.574856893000000		      %1979Q2%    
0.412297122000000    0.489282994000000    10.621308790000000    10.900000000000000    2.766101816000000    0.680905774000000    0.578946763000000		      %1979Q3%    
0.422738886000000    0.501454599000000    11.957284260000000    13.660000000000000    3.164126992000000    0.687077795000000    0.580874145000000		      %1979Q4%    
0.435793541000000    0.516877789000000    12.812380320000001    15.090000000000000    3.042383231000000    0.692985677000000    0.582789763000000		      %1980Q1%    
0.446104062000000    0.529909366000000    13.348709619999999    11.470000000000001    2.971432137000000    0.689827771000000    0.570908074000000		      %1980Q2%    
0.455236366000000    0.542214917000000    12.482015320000000     9.949999999999999    2.716733682000000    0.687971309000000    0.570026644000000		      %1980Q3%    
0.466453231000000    0.554503967000000    12.722916320000000    15.760000000000000    3.155640338000000    0.689116328000000    0.580169001000000		      %1980Q4%    
0.478042728000000    0.568335336000000    13.318167839999999    15.920000000000000    3.098063538000000    0.690474427000000    0.591439541000000		      %1981Q1%    
0.490665294000000    0.577994000000000    15.298377240000001    16.750000000000000    2.777710580000000    0.692891692000000    0.587302673000000		      %1981Q2%    
