function data=create_data()
data_zz=[  ...
 -1.6955763e-02  -2.0713870e-02   1.1464670e-02   8.8793970e-03  -3.3828488e-03  -1.4798166e+00
 -1.6738397e-02   4.7394901e-03   1.8610699e-03   2.5168101e-02  -1.9327476e-02  -1.4759462e+00
  1.0142200e-02   2.7631297e-03   3.5648563e-03   1.5730394e-02  -7.8102262e-03  -1.4638407e+00
  1.9802515e-02   1.7434309e-03   1.1303936e-02   3.3061866e-02  -2.5833059e-03  -1.4522194e+00
 -2.4616023e-03   4.5084497e-03   5.9287338e-03   1.0311742e-02   1.0979869e-02  -1.4563554e+00
  1.9276972e-02   1.3017542e-02   5.0578395e-03   1.0172267e-02  -5.0291775e-03  -1.4572034e+00
  9.2195607e-04   1.0413791e-02   6.1456831e-03   1.8482798e-02   7.1934066e-03  -1.4562995e+00
  3.5075078e-02   1.9228567e-02   3.2554581e-03   3.6570465e-02   4.7470313e-03  -1.4500820e+00
  2.8572220e-02   1.9503187e-02  -3.6471454e-04   9.2736413e-03   6.4101549e-03  -1.4358729e+00
  5.7032981e-03   8.3455619e-03   1.5113184e-03   1.1262318e-02   2.4356192e-03  -1.4301068e+00
  4.5153274e-02   8.3770371e-04   1.0974033e-02   2.7771529e-02   1.9727454e-02  -1.4248370e+00
  3.3667314e-03   1.8696120e-03   5.2810255e-03  -1.6462939e-02   7.4437897e-03  -1.4245149e+00
  1.2854043e-02   1.1414654e-02   7.9388441e-03   6.0156724e-02   7.1977882e-03  -1.4000126e+00
  4.4793076e-02   1.1563140e-02   3.1344225e-03  -6.1674004e-03  -6.9692144e-04  -1.3962037e+00
  2.0266625e-02   1.7085643e-02   2.3316173e-03   8.8175983e-03   8.5387268e-03  -1.3888173e+00
  8.3865489e-02   2.1120201e-02   2.1133072e-03   4.0911501e-03   4.2423262e-03  -1.3862254e+00
 -5.4507822e-02   2.7436721e-02  -5.5250112e-04  -3.4775472e-02   2.0426746e-03  -1.3863867e+00
 -7.8490691e-03   2.3427515e-02   2.9047418e-03   7.2213652e-03  -2.0278336e-03  -1.3826001e+00
  1.4502132e-03   1.2404850e-02   1.0692565e-03  -3.1872103e-02  -4.9700021e-03  -1.3858082e+00
 -4.8766921e-02   6.3232939e-03  -6.5411471e-03  -1.3127038e-02  -7.4650831e-03  -1.3925327e+00
 -4.4231583e-02   2.6859755e-03  -1.8714858e-02  -9.7571784e-02  -1.6961015e-02  -1.4142839e+00
  5.4984660e-02   5.6713968e-03   2.0830275e-04   1.7866407e-02  -8.8821343e-03  -1.4232589e+00
 -9.0088610e-02   1.0832515e-02   7.7138597e-03   9.9659266e-03   2.6890878e-03  -1.4146958e+00
 -5.4104085e-02   1.4161399e-02  -6.9215749e-04   1.0847205e-02  -9.7294180e-03  -1.4128999e+00
  2.4402643e-02  -3.0872403e-03  -1.4817765e-03  -1.5083803e-02   1.8199229e-02  -1.4160751e+00
  8.5266659e-03   7.6532674e-04  -4.4790047e-03   2.1169432e-02   1.4550955e-02  -1.4200401e+00
 -2.6536905e-02  -9.7727305e-04  -3.2008135e-03  -4.5823770e-02   1.0435591e-02  -1.4275197e+00
 -1.9994439e-02   5.3689818e-04  -1.7009698e-03  -1.4890496e-03   1.2236753e-02  -1.4469511e+00
 -4.6237668e-02  -2.9573947e-03   2.0326484e-03  -2.0620938e-02   1.5195942e-02  -1.4463726e+00
 -4.8590427e-02   1.1007442e-02   6.5727632e-03  -2.0390266e-02   1.8489559e-03  -1.4566319e+00
  3.1555785e-02   7.7158398e-03   1.2334836e-02   3.2165243e-03   7.5715614e-04  -1.4689937e+00
  3.8820511e-02   6.1576485e-03   8.4062968e-03  -4.1408308e-03   1.8525539e-02  -1.4660356e+00
  5.5137266e-03   1.0160881e-02   9.6028773e-03   4.9030220e-02   9.0711789e-03  -1.4577756e+00
  7.6111350e-03   1.4966467e-02   1.1503374e-02   2.9085897e-02   4.8120793e-03  -1.4413618e+00
 -8.6755078e-03   3.7396311e-03   6.8675907e-03   5.7898968e-02   2.4643417e-02  -1.4259279e+00
  1.5961704e-02   2.0812205e-02   1.3906643e-03   1.0967531e-02   2.2733101e-02  -1.4113267e+00
  1.7858234e-02   1.3614821e-02   9.7166807e-03   2.6116764e-02   3.4233845e-02  -1.4009149e+00
  5.1562679e-03   1.4822457e-02   6.1175747e-03   5.5494716e-03   2.2380603e-02  -1.3992361e+00
  3.1111644e-02   1.2864728e-02   6.7670060e-03   2.2567140e-02   3.8293460e-02  -1.3959401e+00
  5.3037201e-03   1.5545811e-02   1.1180908e-02   4.0582008e-03   1.2298289e-02  -1.3902276e+00
  3.5141244e-02   1.1741103e-02   9.7657994e-03   9.2763602e-03   2.1676034e-02  -1.3863892e+00
  3.8937899e-02   1.2016102e-02   8.6298108e-03   1.8857129e-02   1.1992174e-02  -1.3865517e+00
  1.2612363e-02   1.0163799e-02   4.2012932e-03  -1.7363404e-02   3.4399945e-02  -1.3850231e+00
  2.0353185e-02   1.2191271e-02   6.9023646e-03  -2.3117028e-03   1.7568391e-02  -1.3893577e+00
  4.4964322e-02  -4.4967791e-03   3.6125603e-03   3.1787613e-02   3.2119402e-02  -1.3946148e+00
  1.3903431e-02   2.4837925e-03   2.8535566e-03   4.2067282e-02   1.5305846e-02  -1.3925714e+00
  2.6556358e-02   4.8893542e-03   8.4421649e-03  -8.1086554e-03   2.6927378e-02  -1.3880775e+00
  2.4529608e-02   1.0970949e-02   8.8582512e-03  -5.9165765e-02   7.9078046e-03  -1.3798172e+00
  2.1922974e-02   9.3249285e-03   5.7719973e-03   2.6689075e-02   1.0285193e-02  -1.3771532e+00
  6.7916703e-03   1.3608170e-02   2.5953478e-03   2.2608842e-02   4.9726433e-03  -1.3730252e+00
  5.3263181e-03   8.3038882e-03   5.2546164e-03  -2.6822285e-02   1.6320976e-02  -1.3653613e+00
  1.2476810e-02   1.4464182e-02   9.5267051e-03   2.8262582e-02   1.3287898e-02  -1.3673515e+00
  3.0928143e-02   1.3562237e-02   7.5648799e-03   9.1831463e-04   1.1481697e-02  -1.3555869e+00
 -5.8928256e-03   1.3520990e-02   9.0531911e-03  -1.2724808e-02   1.6049463e-03  -1.3554377e+00
  1.3242533e-02   5.0228895e-03   7.5977113e-03   1.7557929e-02   1.2191004e-02  -1.3467849e+00
  2.9244402e-04   1.2464756e-02   2.2558194e-03  -7.9176718e-03   4.4763435e-03  -1.3399556e+00
 -1.9856245e-04   1.9065662e-02   1.6366402e-03   9.5565732e-04   3.4743693e-03  -1.3382893e+00
  5.3660106e-02   6.6112544e-03   6.3281571e-03   1.9085963e-02   1.0262065e-03  -1.3384626e+00
  8.4100061e-03   9.7059104e-03   6.8067671e-03  -3.2038372e-02   6.3410649e-03  -1.3406936e+00
 -3.5595438e-02   2.0234352e-02   4.5606233e-03   1.0345851e-02  -4.1927873e-03  -1.3407075e+00
 -1.3314549e-02   1.7030588e-02   5.7965026e-03  -4.3214175e-02  -3.8916705e-03  -1.3484121e+00
 -1.9916517e-02   1.5567193e-02   3.4164204e-03  -1.4311103e-02  -1.1425018e-02  -1.3578367e+00
 -2.5528487e-02   1.4899235e-02  -9.4608501e-03  -3.2715319e-02  -1.7281448e-02  -1.3658719e+00
  2.0776675e-02  -3.8020527e-04  -2.8267263e-03  -2.7904384e-02  -1.3198066e-02  -1.3789974e+00
 -2.2582454e-02   9.9373114e-03   4.0740717e-03  -7.1272013e-03  -7.6824326e-03  -1.3876168e+00
 -1.9212509e-02   1.2567665e-02  -8.9827054e-04   4.2275636e-03  -2.1240538e-02  -1.3916514e+00
  3.2344162e-02   1.2621878e-02  -1.4694207e-03  -1.9037819e-02  -2.4024573e-02  -1.3960493e+00
  2.4395532e-02   1.5607933e-02   1.5068602e-02   7.7860070e-03  -8.0602189e-03  -1.4035263e+00
 -4.0531740e-02   1.4070630e-02   2.1898356e-03   1.7252477e-02  -1.0801353e-02  -1.4021633e+00
  1.3692362e-02   1.3263383e-02   7.7669987e-03   1.0709625e-02  -1.5155055e-02  -1.4033835e+00
 -1.0912381e-02   1.2097524e-02   7.7337558e-03   1.5573379e-02  -1.1039151e-02  -1.4000971e+00
 -3.7724271e-02   7.7010172e-03   3.4732973e-04   6.1837639e-03  -8.3383551e-03  -1.3944018e+00
  2.4728223e-02   7.1062596e-03   4.4169209e-03   2.7417687e-02  -4.9731096e-03  -1.3853603e+00
  1.1806936e-04   5.5689887e-03   6.5759771e-03   7.0514037e-03  -6.8074065e-03  -1.3837499e+00
  1.3333017e-02   6.6433747e-03   3.2575984e-03   2.9721809e-02  -4.6971450e-03  -1.3788194e+00
  4.6096118e-03   5.3112268e-03   5.8590385e-03   2.1448822e-02   7.6513106e-03  -1.3775990e+00
  1.1996364e-02   5.7160230e-03   3.5033382e-03   5.4087754e-03   2.1232101e-03  -1.3634171e+00
 -1.5331683e-02   1.1318965e-02   5.8181001e-03   8.0588787e-03  -4.5918965e-03  -1.3546323e+00
 -2.2366305e-02   1.2863344e-02   3.6921221e-03   3.3358526e-02   1.8130757e-03  -1.3518109e+00
 -1.5230518e-02   1.0057084e-02   2.6261466e-03   4.7811437e-03   1.6532103e-02  -1.3468482e+00
  1.2988851e-02   1.1605720e-02   4.6406083e-03  -2.3493099e-03   1.4192870e-02  -1.3487497e+00
  1.5751638e-02   1.2851074e-02   2.2677483e-03   6.4442418e-03   4.0905259e-03  -1.3414254e+00
